24  276
9 0 0 17 0
9 1 0 21 1
9 2 3 22 2
9 3 1 18 1
9 4 1 20 1
9 5 1 13 0
9 6 2 15 0
9 7 1 16 0
9 8 0 23 1
9 9 0 12 0
19 10 1 19 0
19 11 1 14 2
9 12 2 1 0
9 13 0 4 0
9 14 1 7 0
9 15 1 11 0
9 16 2 0 2
9 17 2 8 1
9 18 0 2 1
9 19 1 5 0
9 20 3 3 0
9 21 0 9 2
9 22 0 10 2
19 4 3 19 2
19 7 1 15 1
19 6 2 17 0
19 2 2 14 2
19 0 1 20 6
19 21 2 12 1
19 8 0 10 3
19 3 3 16 1
19 9 2 13 0
19 11 1 22 0
19 1 2 18 1
19 5 3 23 0
19 10 0 2 2
19 18 0 8 1
19 16 3 6 1
19 14 1 21 1
19 23 2 1 0
19 22 2 5 1
19 17 1 3 2
19 15 0 0 0
19 20 0 7 1
19 19 0 9 1
19 13 3 11 0
19 12 0 4 0
19 3 1 15 0
19 5 0 16 1
19 8 0 19 0
19 4 1 18 0
19 2 2 17 1
19 21 1 23 0
19 0 3 22 1
9 11 1 10 0
9 1 1 14 1
9 7 2 13 1
9 6 4 12 1
9 20 0 9 0
19 10 4 17 1
19 22 0 4 1
19 15 1 8 2
19 1 2 2 1
19 12 0 20 4
19 18 1 0 2
19 19 0 7 1
19 14 1 6 1
19 23 2 3 2
19 9 1 5 0
19 13 1 21 1
19 16 1 11 0
19 17 0 14 0
19 4 3 15 1
19 5 1 21 0
19 8 0 12 1
19 2 0 9 2
19 11 0 23 1
19 6 2 13 0
19 22 0 19 2
19 3 3 1 2
19 0 2 10 1
19 20 1 16 2
19 7 2 18 1
19 13 1 17 2
19 21 1 3 1
19 10 3 5 0
19 18 0 20 2
19 9 1 6 1
19 19 0 2 1
19 12 0 11 0
19 16 0 8 1
19 14 1 0 1
19 23 3 7 2
19 15 1 22 0
19 1 1 4 0
19 6 0 19 0
19 11 2 7 1
19 4 2 10 1
19 22 2 18 4
19 2 1 15 4
019 5 0 12 0
019 0 2 13 0
019 16 2 23 0
019 3 1 14 1
019 17 1 1 0
019 20 2 21 0
019 8 0 9 1
2019 10 3 20 3
2019 9 0 0 1
2019 19 1 11 2
2019 23 0 4 1
2019 21 1 6 3
2019 7 2 3 4
2019 13 1 8 0
2019 18 0 17 1
2019 12 2 2 0
2019 14 0 16 1
2019 15 0 5 1
2019 1 2 22 1
2019 22 3 13 2
2019 5 3 14 0
2019 11 2 21 0
2019 6 0 18 4
2019 20 2 1 1
2019 4 1 7 0
2019 2 1 8 3
2019 17 2 23 2
2019 0 0 19 0
2019 10 2 15 2
2019 16 0 12 0
2019 3 2 9 1
019 1 0 11 2
019 18 0 5 1
019 14 5 22 2
019 13 1 20 2
019 9 5 10 1
019 19 3 17 3
019 7 1 6 0
019 21 1 0 1
019 23 2 2 1
019 8 0 4 0
019 12 0 3 1
019 15 0 16 0
019 5 1 7 0
019 17 0 11 1
019 3 0 19 1
019 2 3 4 0
019 22 1 23 2
019 15 3 21 2
2019 20 0 14 1
2019 13 0 18 3
2019 6 2 8 0
2019 0 1 12 0
2019 16 0 9 0
2019 12 1 15 1
2019 8 2 3 0
2019 11 2 2 2
2019 9 2 17 0
2019 18 0 10 1
2019 19 1 16 0
2019 7 3 0 3
2019 1 3 5 2
2019 21 0 22 2
2019 14 5 13 1
2019 4 1 6 0
2019 19 1 18 1
2019 0 1 8 1
2019 5 1 11 1
2019 9 1 4 1
2019 6 2 20 3
019 2 2 21 0
019 16 3 1 1
019 22 0 7 5
019 15 1 14 1
019 13 0 23 0
019 10 1 3 1
019 17 1 12 0
019 1 0 13 2
019 23 0 19 1
019 12 0 10 2
019 7 0 17 0
019 11 2 6 2
019 3 1 0 0
019 18 2 15 1
019 8 2 22 0
019 14 1 9 0
019 20 0 2 1
019 21 0 16 1
019 4 1 5 1
2019 10 2 1 1
2019 23 2 6 3
020 23 1 20 2
020 13 2 3 0
020 18 0 16 0
020 17 1 4 0
020 14 2 12 1
020 10 1 6 1
020 15 1 1 0
020 2 1 5 1
020 22 0 20 1
020 19 3 21 3
020 8 4 7 1
020 0 1 11 1
020 9 0 23 0
020 16 1 13 1
020 12 1 18 1
20 23 5 14 0
20 11 1 8 1
20 5 3 17 1
20 4 1 0 1
20 20 2 15 0
20 1 0 19 1
20 3 2 22 0
20 7 1 9 2
20 21 2 10 2
20 6 1 2 0
20 13 0 15 2
20 4 0 3 0
20 18 1 21 1
20 8 0 1 0
20 19 1 14 1
20 6 0 5 0
20 9 2 11 0
20 2 1 16 0
20 0 1 23 0
20 17 1 20 2
020 10 1 7 1
020 22 2 12 1
020 21 1 17 0
020 1 1 0 1
020 12 0 13 2
020 11 0 4 2
020 14 1 18 0
020 7 1 2 0
020 20 1 19 0
020 3 1 6 1
020 15 0 9 4
020 5 1 8 2
020 23 1 10 1
020 19 0 13 1
020 4 1 21 1
020 2 0 0 1
020 23 0 18 1
020 6 4 1 0
020 11 2 3 2
020 10 0 16 4
020 9 3 22 0
020 5 0 20 2
020 8 3 14 0
020 17 0 15 0
020 7 4 12 2
020 0 1 6 1
020 1 0 9 4
020 18 1 11 0
020 20 1 8 1
020 15 1 19 1
020 22 1 17 3
20 13 1 2 3
20 3 1 5 1
20 14 3 10 1
20 16 2 4 0
20 21 3 7 2
20 12 1 23 0
20 16 0 22 1
20 10 4 13 0
20 4 2 14 1
20 8 2 21 0
20 19 0 12 3
20 9 1 18 0
20 11 1 20 1
20 2 4 3 3
20 23 3 15 0
20 6 0 22 2
20 7 2 1 0
20 17 0 16 3
20 5 1 0 2
